Homes:
  main:
    X: 1349.7791812063072
    Y: 63.0
    Z: 62.07112383383175
    Yaw: 78.81592
    Pitch: 10.281761
    World: world
