Homes:
  main:
    X: 1976.300000011921
    Y: -2.4375
    Z: 856.6999999880791
    Yaw: -178.95006
    Pitch: 37.200005
    World: world
