Homes:
  main:
    X: 1056.9747337182685
    Y: 63.0
    Z: -122.72249192851976
    Yaw: 104.90283
    Pitch: 37.200047
    World: world
