Homes:
  main:
    X: 1050.0383939828196
    Y: 63.5
    Z: -117.81567779620566
    Yaw: 55.624268
    Pitch: 20.399858
    World: world
