Homes:
  main:
    X: 1341.1229522756798
    Y: 64.0
    Z: 568.0935932319954
    Yaw: -49.500153
    Pitch: 13.649992
    World: world
