Homes:
  main:
    X: 2185.2132067676957
    Y: 65.0
    Z: -1660.5472799325428
    Yaw: -94.20215
    Pitch: 25.949955
    World: world_the_end
