Homes:
  main:
    X: 1349.699999988079
    Y: 63.25
    Z: 74.88749998807907
    Yaw: 163.49995
    Pitch: 30.75002
    World: world
