Homes:
  main:
    X: -297.5104565761755
    Y: 64.0
    Z: -1449.8773399008426
    Yaw: -178.79962
    Pitch: 39.14995
    World: world
