Homes:
  main:
    X: 1187.573499888861
    Y: 172.0
    Z: 567.3451096760464
    Yaw: 60.099884
    Pitch: 38.3
    World: world
