Homes:
  main:
    X: -332.86188594664355
    Y: 97.5
    Z: -1434.3203285386194
    Yaw: 93.749756
    Pitch: 35.849995
    World: world
