Homes:
  main:
    X: 1334.3285964401293
    Y: 64.0
    Z: 573.5271942119443
    Yaw: -159.30017
    Pitch: 15.050048
    World: world
