Homes:
  main:
    X: 1452.9400307567973
    Y: 64.0
    Z: 122.2987075402369
    Yaw: 104.28516
    Pitch: 5.850011
    World: world
