Homes:
  main:
    X: 1349.3176323674518
    Y: 65.0
    Z: 74.26628122463742
    Yaw: -36.450226
    Pitch: 21.100023
    World: world
