Homes:
  main:
    X: 2075.2997130687713
    Y: 14.0
    Z: 26.206679964438532
    Yaw: -93.17484
    Pitch: 7.7999744
    World: world
