Homes:
  main:
    X: 3386.151143532584
    Y: 63.0
    Z: -11072.996455265922
    Yaw: 112.7704
    Pitch: 12.896195
    World: world
